0 0 100 0.999556 9.41667e-09 2.0156e-08 0.000444169 
0 1 99 0.999463 1.14181e-08 2.87639e-08 0.000536799 
0 2 98 0.999351 1.38395e-08 4.10428e-08 0.000648495 
0 3 97 0.999217 1.67679e-08 5.85563e-08 0.000783126 
0 4 96 0.999055 2.03079e-08 8.35327e-08 0.000945336 
0 5 95 0.998859 2.45854e-08 1.19147e-07 0.00114069 
0 6 94 0.998624 2.97521e-08 1.69924e-07 0.00137586 
0 7 93 0.998341 3.59897e-08 2.42307e-07 0.00165884 
0 8 92 0.998 4.35168e-08 3.45472e-07 0.00199917 
0 9 91 0.997591 5.25958e-08 4.92485e-07 0.00240831 
0 10 90 0.997099 6.35408e-08 7.01943e-07 0.00289989 
0 11 89 0.996509 7.67285e-08 1.00031e-06 0.00349023 
0 12 88 0.9958 9.26094e-08 1.42521e-06 0.00419875 
0 13 87 0.994949 1.11722e-07 2.03015e-06 0.0050486 
0 14 86 0.99393 1.34708e-07 2.89115e-06 0.00606728 
0 15 85 0.992708 1.62333e-07 4.11618e-06 0.00728747 
0 16 84 0.991246 1.95508e-07 5.85844e-06 0.00874784 
0 17 83 0.989497 2.35311e-07 8.33515e-06 0.0104942 
0 18 82 0.987408 2.83021e-07 1.1854e-05 0.0125803 
0 19 81 0.984913 3.40145e-07 1.68504e-05 0.0150697 
0 20 80 0.981939 4.08455e-07 2.39394e-05 0.0180366 
0 21 79 0.978398 4.90028e-07 3.39889e-05 0.0215675 
0 22 78 0.974188 5.8728e-07 4.82205e-05 0.0257627 
0 23 77 0.969193 7.0301e-07 6.83508e-05 0.0307381 
0 24 76 0.963277 8.40434e-07 9.67846e-05 0.0366258 
0 25 75 0.956286 1.00322e-06 0.000136881 0.043576 
0 26 74 0.948049 1.19549e-06 0.000193315 0.0517567 
0 27 73 0.938372 1.42185e-06 0.000272566 0.0613538 
0 28 72 0.927045 1.68731e-06 0.000383566 0.0725693 
0 29 71 0.913842 1.99728e-06 0.000538561 0.0856178 
0 30 70 0.898523 2.35735e-06 0.000754226 0.100721 
0 31 69 0.880846 2.77319e-06 0.00105309 0.118098 
0 32 68 0.860575 3.2502e-06 0.00146532 0.137956 
0 33 67 0.837493 3.79316e-06 0.0020309 0.160473 
0 34 66 0.811418 4.40576e-06 0.00280223 0.185776 
0 35 65 0.782224 5.09005e-06 0.00384708 0.213924 
0 36 64 0.749863 5.84584e-06 0.00525183 0.24488 
0 37 63 0.714382 6.67005e-06 0.00712491 0.278486 
0 38 62 0.675946 7.5562e-06 0.00960001 0.314446 
0 39 61 0.634844 8.49398e-06 0.0128389 0.352309 
0 40 60 0.591494 9.46911e-06 0.0170337 0.391463 
0 41 59 0.546437 1.04634e-05 0.0224072 0.431146 
0 42 58 0.500309 1.14554e-05 0.0292127 0.470467 
0 43 57 0.453817 1.24209e-05 0.0377307 0.50844 
0 44 56 0.407692 1.33342e-05 0.0482642 0.544031 
0 45 55 0.362652 1.41694e-05 0.0611306 0.576204 
0 46 54 0.319356 1.49014e-05 0.0766512 0.603978 
0 47 53 0.278376 1.55073e-05 0.0951372 0.626471 
0 48 52 0.240169 1.59676e-05 0.116872 0.642944 
0 49 51 0.205064 1.62667e-05 0.142089 0.65283 
0 50 50 0.173268 1.63937e-05 0.17095 0.655765 
0 51 49 0.144866 1.63434e-05 0.203517 0.651601 
0 52 48 0.119839 1.61159e-05 0.239727 0.640418 
0 53 47 0.0980786 1.57174e-05 0.279376 0.62253 
0 54 46 0.0794098 1.516e-05 0.322098 0.598477 
0 55 45 0.0636046 1.4461e-05 0.367375 0.569006 
0 56 44 0.0504005 1.36427e-05 0.414546 0.53504 
0 57 43 0.0395154 1.27308e-05 0.462838 0.497634 
0 58 42 0.0306603 1.17532e-05 0.511416 0.457912 
0 59 41 0.0235507 1.07386e-05 0.559433 0.417005 
0 60 40 0.0179156 9.71423e-06 0.606088 0.375987 
0 61 39 0.0135047 8.70495e-06 0.650672 0.335815 
0 62 38 0.0100931 7.73178e-06 0.692608 0.297291 
0 63 37 0.00748396 6.81136e-06 0.73147 0.261039 
0 64 36 0.00550944 5.95563e-06 0.766991 0.227494 
0 65 35 0.00402955 5.17212e-06 0.79905 0.196915 
0 66 34 0.00293008 4.46432e-06 0.827656 0.169409 
0 67 33 0.00211966 3.83249e-06 0.852922 0.144954 
0 68 32 0.00152648 3.27429e-06 0.875036 0.123435 
0 69 31 0.00109498 2.78558e-06 0.894236 0.104666 
0 70 30 0.000782774 2.36107e-06 0.910791 0.0884236 
0 71 29 0.000557946 1.9948e-06 0.924979 0.074461 
0 72 28 0.000396691 1.68063e-06 0.937074 0.0625274 
0 73 27 0.000281435 1.41248e-06 0.947339 0.0523784 
0 74 26 0.000199299 1.18461e-06 0.956016 0.0437838 
0 75 25 0.000140914 9.91663e-07 0.963326 0.036532 
0 76 24 9.95011e-05 8.2881e-07 0.969467 0.0304322 
0 77 23 7.01797e-05 6.91726e-07 0.974614 0.0253153 
0 78 22 4.94516e-05 5.76602e-07 0.978917 0.0210327 
0 79 21 3.48173e-05 4.80112e-07 0.982509 0.0174555 
0 80 20 2.44968e-05 3.9938e-07 0.985503 0.0144726 
0 81 19 1.72252e-05 3.31935e-07 0.987993 0.011989 
0 82 18 1.2106e-05 2.75663e-07 0.990064 0.00992378 
0 83 17 8.50444e-06 2.28767e-07 0.991783 0.00820847 
0 84 16 5.97209e-06 1.89724e-07 0.993209 0.0067852 
0 85 15 4.1924e-06 1.5725e-07 0.99439 0.00560531 
0 86 14 2.9422e-06 1.3026e-07 0.995369 0.00462798 
0 87 13 2.06428e-06 1.07846e-07 0.996179 0.00381903 
0 88 12 1.44799e-06 8.9243e-08 0.996849 0.00314989 
0 89 11 1.01548e-06 7.38138e-08 0.997402 0.00259674 
0 90 10 7.12018e-07 6.10239e-08 0.997859 0.00213974 
0 91 9 4.99155e-07 5.04276e-08 0.998237 0.00176238 
0 92 8 3.4987e-07 4.16531e-08 0.998549 0.00145094 
0 93 7 2.45194e-07 3.43909e-08 0.998806 0.00119403 
0 94 6 1.7181e-07 2.8383e-08 0.999018 0.000982201 
0 95 5 1.20372e-07 2.3415e-08 0.999192 0.000807621 
0 96 4 8.43218e-08 1.93088e-08 0.999336 0.000663802 
0 97 3 5.90603e-08 1.59163e-08 0.999455 0.000545376 
0 98 2 4.13611e-08 1.31146e-08 0.999552 0.0004479 
0 99 1 2.89622e-08 1.08018e-08 0.999632 0.0003677 
0 100 0 2.02774e-08 8.89343e-09 0.999698 0.000301742 

1 0 99 0.999464 1.35426e-08 2.43103e-08 0.000535473 
1 1 98 0.999353 1.64145e-08 3.46785e-08 0.000646893 
1 2 97 0.999219 1.98878e-08 4.94627e-08 0.000781192 
1 3 96 0.999057 2.40865e-08 7.05407e-08 0.000943002 
1 4 95 0.998862 2.916e-08 1.00588e-07 0.00113787 
1 5 94 0.998627 3.5288e-08 1.43415e-07 0.00137246 
1 6 93 0.998345 4.26863e-08 2.04449e-07 0.00165474 
1 7 92 0.998005 5.16142e-08 2.91414e-07 0.00199424 
1 8 91 0.997597 6.23826e-08 4.15307e-07 0.00240237 
1 9 90 0.997107 7.53644e-08 5.91773e-07 0.00289274 
1 10 89 0.996517 9.10063e-08 8.43069e-07 0.00348163 
1 11 88 0.99581 1.09843e-07 1.20084e-06 0.00418841 
1 12 87 0.994962 1.32512e-07 1.71006e-06 0.00503618 
1 13 86 0.993945 1.59776e-07 2.43462e-06 0.00605237 
1 14 85 0.992727 1.92543e-07 3.46522e-06 0.00726958 
1 15 84 0.991268 2.31892e-07 4.93054e-06 0.0087264 
1 16 83 0.989524 2.79104e-07 7.01298e-06 0.0104685 
1 17 82 0.98744 3.35695e-07 9.97082e-06 0.0125496 
1 18 81 0.984952 4.03454e-07 1.41694e-05 0.015033 
1 19 80 0.981987 4.84484e-07 2.01248e-05 0.0179928 
1 20 79 0.978455 5.81246e-07 2.85648e-05 0.0215154 
1 21 78 0.974258 6.96611e-07 4.05139e-05 0.0257008 
1 22 77 0.969277 8.33899e-07 5.74108e-05 0.0306646 
1 23 76 0.963379 9.9693e-07 8.1271e-05 0.036539 
1 24 75 0.95641 1.19005e-06 0.000114909 0.0434737 
1 25 74 0.9482 1.41818e-06 0.000162241 0.0516367 
1 26 73 0.938556 1.68676e-06 0.000228692 0.0612139 
1 27 72 0.927269 2.00178e-06 0.000321742 0.0724071 
1 28 71 0.914115 2.36965e-06 0.000451645 0.0854313 
1 29 70 0.898856 2.79707e-06 0.000632358 0.100509 
1 30 69 0.881254 3.29077e-06 0.000882744 0.11786 
1 31 68 0.861074 3.85726e-06 0.00122806 0.137694 
1 32 67 0.838102 4.5023e-06 0.0017018 0.160192 
1 33 66 0.812161 5.23042e-06 0.00234786 0.185486 
1 34 65 0.78313 6.04426e-06 0.00322307 0.213641 
1 35 64 0.750962 6.94387e-06 0.00439996 0.244631 
1 36 63 0.71571 7.926e-06 0.0059697 0.278312 
1 37 62 0.67754 8.98349e-06 0.00804499 0.314407 
1 38 61 0.636741 1.01048e-05 0.0107627 0.352486 
1 39 60 0.593733 1.12738e-05 0.0142859 0.39197 
1 40 59 0.549049 1.247e-05 0.0188054 0.432133 
1 41 58 0.503321 1.3669e-05 0.0245394 0.472126 
1 42 57 0.457243 1.48436e-05 0.0317329 0.511009 
1 43 56 0.411534 1.59647e-05 0.0406544 0.547796 
1 44 55 0.366893 1.70029e-05 0.0515916 0.581498 
1 45 54 0.323964 1.79296e-05 0.0648443 0.611173 
1 46 53 0.283299 1.87185e-05 0.080715 0.635968 
1 47 52 0.245336 1.93467e-05 0.0994961 0.655148 
1 48 51 0.210393 1.97953e-05 0.121454 0.668133 
1 49 50 0.178663 2.00501e-05 0.14681 0.674507 
1 50 49 0.150227 2.01023e-05 0.175715 0.674038 
1 51 48 0.125064 1.99487e-05 0.208229 0.666687 
1 52 47 0.103074 1.95921e-05 0.244291 0.652615 
1 53 46 0.0840912 1.90415e-05 0.283704 0.632186 
1 54 45 0.067904 1.83118e-05 0.326117 0.605961 
1 55 44 0.0542696 1.7424e-05 0.371028 0.574685 
1 56 43 0.0429273 1.64039e-05 0.417796 0.539261 
1 57 42 0.0336091 1.52814e-05 0.465669 0.500707 
1 58 41 0.0260494 1.40886e-05 0.513831 0.460106 
1 59 40 0.019993 1.28582e-05 0.561452 0.418542 
1 60 39 0.0152005 1.16216e-05 0.607742 0.377045 
1 61 38 0.0114538 1.04072e-05 0.652002 0.336534 
1 62 37 0.00855839 9.23893e-06 0.693658 0.297774 
1 63 36 0.00634538 8.13591e-06 0.732286 0.261361 
1 64 35 0.00467126 7.11171e-06 0.767614 0.227708 
1 65 34 0.00341677 6.17478e-06 0.799519 0.197058 
1 66 33 0.00248484 5.32894e-06 0.828004 0.169505 
1 67 32 0.00179789 4.57423e-06 0.853177 0.145021 
1 68 31 0.00129503 3.90769e-06 0.87522 0.123481 
1 69 30 0.00092917 3.32428e-06 0.894367 0.1047 
1 70 29 0.000664411 2.81757e-06 0.910884 0.0884492 
1 71 28 0.000473704 2.38043e-06 0.925043 0.074481 
1 72 27 0.000336889 2.0055e-06 0.937118 0.0625434 
1 73 26 0.000239074 1.68552e-06 0.947368 0.0523915 
1 74 25 0.000169349 1.41359e-06 0.956035 0.0437947 
1 75 24 0.000119772 1.18336e-06 0.963338 0.0365412 
1 76 23 8.45969e-05 9.8903e-07 0.969474 0.0304401 
1 77 22 5.96848e-05 8.25453e-07 0.974617 0.025322 
1 78 21 4.20685e-05 6.88078e-07 0.978919 0.0210384 
1 79 20 2.96277e-05 5.7294e-07 0.982509 0.0174604 
1 80 19 2.08514e-05 4.76604e-07 0.985502 0.0144768 
1 81 18 1.46662e-05 3.96122e-07 0.987992 0.0119926 
1 82 17 1.03104e-05 3.28972e-07 0.990062 0.00992689 
1 83 16 7.24514e-06 2.7301e-07 0.991781 0.00821113 
1 84 15 5.08922e-06 2.2642e-07 0.993207 0.00678747 
1 85 14 3.57364e-06 1.87666e-07 0.994389 0.00560725 
1 86 13 2.50867e-06 1.55458e-07 0.995368 0.00462963 
1 87 12 1.76061e-06 1.28709e-07 0.996178 0.00382043 
1 88 11 1.23533e-06 1.06509e-07 0.996848 0.00315108 
1 89 10 8.6658e-07 8.80956e-08 0.997401 0.00259775 
1 90 9 6.07787e-07 7.28319e-08 0.997859 0.0021406 
1 91 8 4.26203e-07 6.0186e-08 0.998236 0.00176311 
1 92 7 2.9882e-07 4.97142e-08 0.998548 0.00145155 
1 93 6 2.09476e-07 4.1047e-08 0.998805 0.00119455 
1 94 5 1.46823e-07 3.38767e-08 0.999017 0.000982639 
1 95 4 1.02894e-07 2.79475e-08 0.999192 0.00080799 
1 96 3 7.2098e-08 2.30467e-08 0.999336 0.000664114 
1 97 2 5.05124e-08 1.89977e-08 0.999454 0.000545638 
1 98 1 3.53845e-08 1.56538e-08 0.999552 0.00044812 
1 99 0 2.4784e-08 1.28934e-08 0.999632 0.000367885 

2 0 98 0.999355 1.94743e-08 2.93095e-08 0.000645296 
2 1 97 0.999221 2.35951e-08 4.17931e-08 0.000779264 
2 2 96 0.999059 2.85765e-08 5.95864e-08 0.000940674 
2 3 95 0.998865 3.45959e-08 8.49442e-08 0.00113507 
2 4 94 0.998631 4.18663e-08 1.21077e-07 0.00136908 
2 5 93 0.998349 5.06438e-08 1.72556e-07 0.00165066 
2 6 92 0.99801 6.1236e-08 2.45886e-07 0.00198932 
2 7 91 0.997603 7.4012e-08 3.50325e-07 0.00239644 
2 8 90 0.997114 8.94141e-08 4.9904e-07 0.00288561 
2 9 89 0.996526 1.07972e-07 7.10756e-07 0.00347305 
2 10 88 0.995821 1.3032e-07 1.01209e-06 0.0041781 
2 11 87 0.994975 1.57216e-07 1.44086e-06 0.00502379 
2 12 86 0.99396 1.89564e-07 2.05078e-06 0.00603749 
2 13 85 0.992745 2.28441e-07 2.91808e-06 0.00725173 
2 14 84 0.991291 2.75127e-07 4.15085e-06 0.00870501 
2 15 83 0.989551 3.31144e-07 5.9023e-06 0.0104429 
2 16 82 0.987472 3.98289e-07 8.3893e-06 0.012519 
2 17 81 0.984991 4.78686e-07 1.19186e-05 0.0149964 
2 18 80 0.982033 5.7483e-07 1.69231e-05 0.0179492 
2 19 79 0.978512 6.89645e-07 2.40136e-05 0.0214634 
2 20 78 0.974326 8.26535e-07 3.40492e-05 0.025639 
2 21 77 0.969359 9.89444e-07 4.82365e-05 0.0305913 
2 22 76 0.963478 1.18291e-06 6.82648e-05 0.0364523 
2 23 75 0.956531 1.41209e-06 9.64931e-05 0.0433716 
2 24 74 0.948345 1.68283e-06 0.000136202 0.0515168 
2 25 73 0.938732 2.0016e-06 0.000191938 0.0610738 
2 26 72 0.927483 2.37553e-06 0.000269964 0.0722445 
2 27 71 0.914374 2.81223e-06 0.000378867 0.0852439 
2 28 70 0.899172 3.31969e-06 0.000530336 0.100295 
2 29 69 0.881637 3.90598e-06 0.000740163 0.117619 
2 30 68 0.861539 4.57886e-06 0.0010295 0.137427 
2 31 67 0.838666 5.34528e-06 0.00142639 0.159902 
2 32 66 0.812844 6.21078e-06 0.00196763 0.185182 
2 33 65 0.783955 7.1787e-06 0.00270085 0.213337 
2 34 64 0.751957 8.24939e-06 0.00368691 0.244348 
2 35 63 0.716903 9.41939e-06 0.00500243 0.278085 
2 36 62 0.678961 1.06807e-05 0.00674227 0.314286 
2 37 61 0.638424 1.20204e-05 0.00902199 0.352542 
2 38 60 0.595708 1.34202e-05 0.0119798 0.392299 
2 39 59 0.551343 1.48567e-05 0.0157782 0.432864 
2 40 58 0.505957 1.63025e-05 0.0206044 0.473422 
2 41 57 0.460234 1.77263e-05 0.0266705 0.513077 
2 42 56 0.414883 1.90954e-05 0.0342121 0.550885 
2 43 55 0.370591 2.03763e-05 0.0434858 0.585903 
2 44 54 0.327986 2.15366e-05 0.0547653 0.617227 
2 45 53 0.287606 2.25462e-05 0.068335 0.644036 
2 46 52 0.249876 2.33787e-05 0.0844823 0.665618 
2 47 51 0.215101 2.40117e-05 0.103485 0.68139 
2 48 50 0.183464 2.44277e-05 0.125599 0.690913 
2 49 49 0.155039 2.46144e-05 0.151034 0.693902 
2 50 48 0.129803 2.45651e-05 0.179939 0.690233 
2 51 47 0.107658 2.42789e-05 0.212371 0.679947 
2 52 46 0.0884438 2.37612e-05 0.248273 0.663259 
2 53 45 0.0719597 2.30238e-05 0.287457 0.64056 
2 54 44 0.0579768 2.20849e-05 0.329583 0.612418 
2 55 43 0.0462504 2.09692e-05 0.374164 0.579564 
2 56 42 0.0365301 1.97066e-05 0.420576 0.542875 
2 57 41 0.0285676 1.83314e-05 0.468083 0.503331 
2 58 40 0.0221226 1.68808e-05 0.515885 0.461976 
2 59 39 0.0169684 1.53922e-05 0.563165 0.419851 
2 60 38 0.0128953 1.39017e-05 0.609143 0.377947 
2 61 37 0.00971411 1.24419e-05 0.653127 0.337147 
2 62 36 0.00725745 1.10405e-05 0.694545 0.298187 
2 63 35 0.00538064 9.71917e-06 0.732973 0.261637 
2 64 34 0.00396124 8.49359e-06 0.768138 0.227892 
2 65 33 0.00289776 7.37327e-06 0.799913 0.197182 
2 66 32 0.00210772 6.36245e-06 0.828296 0.16959 
2 67 31 0.00152533 5.46086e-06 0.85339 0.14508 
2 68 30 0.00109895 4.66483e-06 0.875373 0.123524 
2 69 29 0.000788678 3.96821e-06 0.894476 0.104731 
2 70 28 0.000564096 3.36326e-06 0.910959 0.0884732 
2 71 27 0.000402291 2.84142e-06 0.925095 0.0744999 
2 72 26 0.00028618 2.39386e-06 0.937153 0.0625588 
2 73 25 0.000203146 2.01191e-06 0.947391 0.0524043 
2 74 24 0.00014394 1.68733e-06 0.956049 0.0438054 
2 75 23 0.000101831 1.41252e-06 0.963346 0.0365503 
2 76 22 7.19453e-05 1.18057e-06 0.969479 0.0304479 
2 77 21 5.07734e-05 9.85319e-07 0.97462 0.0253287 
2 78 20 3.57977e-05 8.21347e-07 0.978919 0.0210442 
2 79 19 2.52185e-05 6.83915e-07 0.982509 0.0174653 
2 80 18 1.77535e-05 5.68926e-07 0.985501 0.014481 
2 81 17 1.24908e-05 4.72859e-07 0.987991 0.0119962 
2 82 16 8.78362e-06 3.92705e-07 0.990061 0.00992999 
2 83 15 6.174e-06 3.25906e-07 0.99178 0.00821378 
2 84 14 4.33805e-06 2.70291e-07 0.993206 0.00678974 
2 85 13 3.04703e-06 2.24032e-07 0.994388 0.00560919 
2 86 12 2.1396e-06 1.85584e-07 0.995366 0.00463128 
2 87 11 1.50202e-06 1.53654e-07 0.996177 0.00382183 
2 88 10 1.05418e-06 1.27153e-07 0.996847 0.00315227 
2 89 9 7.39715e-07 1.05172e-07 0.9974 0.00259876 
2 90 8 5.18954e-07 8.69503e-08 0.997858 0.00214146 
2 91 7 3.64011e-07 7.18539e-08 0.998236 0.00176383 
2 92 6 2.55287e-07 5.93527e-08 0.998548 0.00145217 
2 93 5 1.79008e-07 4.90056e-08 0.998805 0.00119507 
2 94 4 1.25502e-07 4.04456e-08 0.999017 0.000983077 
2 95 3 8.79765e-08 3.33671e-08 0.999192 0.00080836 
2 96 2 6.16624e-08 2.75163e-08 0.999335 0.000664425 
2 97 1 4.32129e-08 2.26823e-08 0.999454 0.0005459 
2 98 0 3.02794e-08 1.86901e-08 0.999552 0.00044834 

3 0 97 0.999223 2.80017e-08 3.53229e-08 0.000777339 
3 1 96 0.999062 3.39134e-08 5.03476e-08 0.000938351 
3 2 95 0.998868 4.1057e-08 7.17538e-08 0.00113226 
3 3 94 0.998634 4.96853e-08 1.02248e-07 0.0013657 
3 4 93 0.998353 6.01022e-08 1.4568e-07 0.00164658 
3 5 92 0.998015 7.26728e-08 2.07531e-07 0.00198441 
3 6 91 0.997609 8.78351e-08 2.95596e-07 0.00239053 
3 7 90 0.997121 1.06114e-07 4.2096e-07 0.0028785 
3 8 89 0.996535 1.28138e-07 5.99383e-07 0.00346449 
3 9 88 0.995831 1.54661e-07 8.5326e-07 0.00416781 
3 10 87 0.994987 1.86581e-07 1.2144e-06 0.00501142 
3 11 86 0.993975 2.24971e-07 1.72797e-06 0.00602265 
3 12 85 0.992763 2.71111e-07 2.45805e-06 0.00723392 
3 13 84 0.991313 3.26519e-07 3.49549e-06 0.00868366 
3 14 83 0.989577 3.93001e-07 4.969e-06 0.0104173 
3 15 82 0.987504 4.72692e-07 7.06074e-06 0.0124884 
3 16 81 0.985029 5.68112e-07 1.00282e-05 0.0149599 
3 17 80 0.982079 6.82224e-07 1.4235e-05 0.0179056 
3 18 79 0.978568 8.18497e-07 2.01936e-05 0.0214115 
3 19 78 0.974393 9.80977e-07 2.86247e-05 0.0255773 
3 20 77 0.96944 1.17434e-06 4.05404e-05 0.0305182 
3 21 76 0.963575 1.40399e-06 5.73574e-05 0.0363658 
3 22 75 0.956648 1.67604e-06 8.1053e-05 0.0432695 
3 23 74 0.948487 1.99744e-06 0.000114377 0.051397 
3 24 73 0.938903 2.37589e-06 0.000161139 0.0609337 
3 25 72 0.927689 2.81985e-06 0.000226587 0.0720816 
3 26 71 0.914623 3.3384e-06 0.000317912 0.085056 
3 27 70 0.899471 3.94106e-06 0.000444905 0.10008 
3 28 69 0.881998 4.63745e-06 0.000620791 0.117376 
3 29 68 0.861975 5.43686e-06 0.000863285 0.137156 
3 30 67 0.839192 6.34766e-06 0.00119588 0.159606 
3 31 66 0.813477 7.37659e-06 0.0016494 0.184867 
3 32 65 0.784714 8.52781e-06 0.00226376 0.213014 
3 33 64 0.752863 9.80205e-06 0.00309004 0.244037 
3 34 63 0.717982 1.11956e-05 0.00419254 0.277814 
3 35 62 0.680239 1.26996e-05 0.00565109 0.314097 
3 36 61 0.639927 1.42993e-05 0.00756306 0.352496 
3 37 60 0.59746 1.59738e-05 0.0100453 0.392478 
3 38 59 0.553369 1.76966e-05 0.0132359 0.433377 
3 39 58 0.508274 1.94362e-05 0.0172946 0.474412 
3 40 57 0.462855 2.11573e-05 0.0224041 0.51472 
3 41 56 0.417811 2.28222e-05 0.0287691 0.553397 
3 42 55 0.373819 2.43931e-05 0.0366159 0.589541 
3 43 54 0.331497 2.58331e-05 0.0461899 0.622287 
3 44 53 0.291371 2.7108e-05 0.0577525 0.650849 
3 45 52 0.253855 2.81876e-05 0.0715759 0.674541 
3 46 51 0.219244 2.90459e-05 0.0879355 0.692792 
3 47 50 0.187712 2.9662e-05 0.1071 0.705159 
3 48 49 0.159328 3.00204e-05 0.129314 0.711328 
3 49 48 0.134064 3.01107e-05 0.154785 0.711121 
3 50 47 0.111821 2.99285e-05 0.183658 0.704491 
3 51 46 0.0924438 2.94752e-05 0.215991 0.691536 
3 52 45 0.0757361 2.87587e-05 0.251732 0.672504 
3 53 44 0.0614784 2.77935e-05 0.290698 0.647795 
3 54 43 0.0494381 2.66015e-05 0.332563 0.617972 
3 55 42 0.0393781 2.52112e-05 0.37685 0.583746 
3 56 41 0.0310643 2.36573e-05 0.422949 0.545963 
3 57 40 0.0242704 2.19793e-05 0.470138 0.50557 
3 58 39 0.0187818 2.02199e-05 0.517629 0.463569 
3 59 38 0.0143988 1.84223e-05 0.564617 0.420966 
3 60 37 0.010939 1.66281e-05 0.610329 0.378716 
3 61 36 0.00823886 1.48748e-05 0.654077 0.33767 
3 62 35 0.00615483 1.31945e-05 0.695293 0.298539 
3 63 34 0.00456324 1.16122e-05 0.733551 0.261874 
3 64 33 0.00335975 1.01458e-05 0.768578 0.228052 
3 65 32 0.0024581 8.80628e-06 0.800243 0.19729 
3 66 31 0.00178825 7.59818e-06 0.828539 0.169665 
3 67 30 0.00129441 6.52099e-06 0.853567 0.145132 
3 68 29 0.000932798 5.57014e-06 0.875499 0.123562 
3 69 28 0.000669605 4.73816e-06 0.894565 0.10476 
3 70 27 0.000479057 4.01575e-06 0.911021 0.0884958 
3 71 26 0.000341738 3.39263e-06 0.925137 0.074518 
3 72 25 0.000243172 2.85824e-06 0.93718 0.0625737 
3 73 24 0.000172665 2.40219e-06 0.947408 0.0524167 
3 74 23 0.000122377 2.01466e-06 0.95606 0.043816 
3 75 22 8.66011e-05 1.68654e-06 0.963352 0.0365593 
3 76 21 6.12027e-05 1.40961e-06 0.969482 0.0304556 
3 77 20 4.32046e-05 1.17649e-06 0.97462 0.0253353 
3 78 19 3.04701e-05 9.80715e-07 0.978919 0.0210499 
3 79 18 2.14715e-05 8.16626e-07 0.982507 0.0174702 
3 80 17 1.512e-05 6.79331e-07 0.985499 0.0144852 
3 81 16 1.0641e-05 5.64628e-07 0.987989 0.0119998 
3 82 15 7.48495e-06 4.68924e-07 0.990059 0.00993309 
3 83 14 5.26266e-06 3.89164e-07 0.991778 0.00821644 
3 84 13 3.69876e-06 3.22759e-07 0.993204 0.00679201 
3 85 12 2.59874e-06 2.67523e-07 0.994386 0.00561112 
3 86 11 1.82532e-06 2.21614e-07 0.995365 0.00463293 
3 87 10 1.28175e-06 1.83486e-07 0.996175 0.00382324 
3 88 9 8.99842e-07 1.51842e-07 0.996845 0.00315346 
3 89 8 6.31592e-07 1.25594e-07 0.997399 0.00259978 
3 90 7 4.43222e-07 1.03836e-07 0.997857 0.00214231 
3 91 6 3.10977e-07 8.58089e-08 0.998235 0.00176456 
3 92 5 2.18153e-07 7.08807e-08 0.998547 0.00145278 
3 93 4 1.53012e-07 5.85247e-08 0.998804 0.00119559 
3 94 3 1.07306e-07 4.83025e-08 0.999016 0.000983516 
3 95 2 7.52418e-08 3.98494e-08 0.999191 0.000808729 
3 96 1 5.27511e-08 3.28624e-08 0.999335 0.000664736 
3 97 0 3.6978e-08 2.70895e-08 0.999454 0.000546162 

4 0 96 0.999064 4.02589e-08 4.25533e-08 0.000936034 
4 1 95 0.99887 4.87391e-08 6.06289e-08 0.00112947 
4 2 94 0.998638 5.89819e-08 8.6371e-08 0.00136233 
4 3 93 0.998357 7.13481e-08 1.23025e-07 0.00164252 
4 4 92 0.99802 8.62709e-08 1.75209e-07 0.00197952 
4 5 91 0.997615 1.0427e-07 2.49489e-07 0.00238464 
4 6 90 0.997128 1.2597e-07 3.552e-07 0.0028714 
4 7 89 0.996543 1.52116e-07 5.05609e-07 0.00345596 
4 8 88 0.995842 1.83602e-07 7.19565e-07 0.00415755 
4 9 87 0.995 2.21495e-07 1.02383e-06 0.00499909 
4 10 86 0.99399 2.67071e-07 1.4564e-06 0.00600785 
4 11 85 0.992781 3.21845e-07 2.07115e-06 0.00721616 
4 12 84 0.991334 3.87625e-07 2.94447e-06 0.00866237 
4 13 83 0.989604 4.66551e-07 4.18451e-06 0.0103918 
4 14 82 0.987536 5.61159e-07 5.94434e-06 0.0124579 
4 15 81 0.985067 6.74442e-07 8.44026e-06 0.0149235 
4 16 80 0.982125 8.09918e-07 1.19775e-05 0.0178621 
4 17 79 0.978622 9.71709e-07 1.69863e-05 0.0213597 
4 18 78 0.974459 1.16462e-06 2.40716e-05 0.0255157 
4 19 77 0.969519 1.3942e-06 3.40825e-05 0.0304451 
4 20 76 0.963671 1.66687e-06 4.82073e-05 0.0362793 
4 21 75 0.956762 1.9899e-06 6.81041e-05 0.0431676 
4 22 74 0.948624 2.37155e-06 9.60787e-05 0.0512772 
4 23 73 0.939068 2.82097e-06 0.000135323 0.0607935 
4 24 72 0.927888 3.34823e-06 0.000190236 0.0719186 
4 25 71 0.914862 3.96414e-06 0.000266843 0.0848675 
4 26 70 0.899758 4.68003e-06 0.000373346 0.0998638 
4 27 69 0.882343 5.50739e-06 0.000520822 0.117131 
4 28 68 0.862387 6.45734e-06 0.000724112 0.136882 
4 29 67 0.839685 7.53994e-06 0.00100289 0.159304 
4 30 66 0.814066 8.76332e-06 0.00138299 0.184542 
4 31 65 0.785416 1.01327e-05 0.00189787 0.212676 
4 32 64 0.753697 1.16492e-05 0.00259035 0.243701 
4 33 63 0.718967 1.33089e-05 0.00351442 0.277506 
4 34 62 0.681396 1.51018e-05 0.00473715 0.313852 
4 35 61 0.641278 1.7011e-05 0.00634054 0.352365 
4 36 60 0.599026 1.90127e-05 0.00842325 0.392532 
4 37 59 0.555168 2.10766e-05 0.0111021 0.433709 
4 38 58 0.510322 2.31664e-05 0.0145132 0.475142 
4 39 57 0.46516 2.52417e-05 0.0188129 0.516001 
4 40 56 0.420378 2.72596e-05 0.024178 0.555417 
4 41 55 0.376643 2.91768e-05 0.030806 0.592522 
4 42 54 0.334565 3.09514e-05 0.0389141 0.62649 
4 43 53 0.294662 3.25446e-05 0.0487381 0.656568 
4 44 52 0.257338 3.39218e-05 0.0605294 0.682099 
4 45 51 0.22288 3.50535e-05 0.0745506 0.702534 
4 46 50 0.191456 3.59155e-05 0.0910685 0.717439 
4 47 49 0.163128 3.64888e-05 0.110344 0.726491 
4 48 48 0.137867 3.67599e-05 0.132618 0.729479 
4 49 47 0.11557 3.67206e-05 0.158093 0.726301 
4 50 46 0.0960819 3.63686e-05 0.186913 0.716969 
4 51 45 0.079211 3.57073e-05 0.219139 0.701615 
4 52 44 0.0647428 3.47471e-05 0.254723 0.6805 
4 53 43 0.0524524 3.35056e-05 0.293489 0.654025 
4 54 42 0.0421128 3.20081e-05 0.335118 0.622737 
4 55 41 0.0335008 3.02876e-05 0.379145 0.587324 
4 56 40 0.0264016 2.83841e-05 0.424971 0.548599 
4 57 39 0.020612 2.63432e-05 0.471884 0.507477 
4 58 38 0.0159419 2.4214e-05 0.519109 0.464925 
4 59 37 0.0122171 2.20466e-05 0.565846 0.421915 
4 60 36 0.00927935 1.98889e-05 0.611331 0.37937 
4 61 35 0.00698811 1.77847e-05 0.654878 0.338116 
4 62 34 0.00522037 1.57708e-05 0.695922 0.298842 
4 63 33 0.00387065 1.38763e-05 0.734037 0.262078 
4 64 32 0.00285016 1.2122e-05 0.768948 0.22819 
4 65 31 0.00208561 1.05202e-05 0.800518 0.197385 
4 66 30 0.00151757 9.07615e-06 0.828742 0.169731 
4 67 29 0.00109873 7.78896e-06 0.853713 0.14518 
4 68 28 0.000791974 6.65294e-06 0.875604 0.123598 
4 69 27 0.000568662 5.65908e-06 0.894638 0.104788 
4 70 26 0.000406948 4.79618e-06 0.911071 0.0885173 
4 71 25 0.000290378 4.05193e-06 0.92517 0.0745355 
4 72 24 0.000206684 3.41368e-06 0.937202 0.0625881 
4 73 23 0.000146798 2.86902e-06 0.947421 0.0524289 
4 74 22 0.000104074 2.40619e-06 0.956067 0.0438264 
4 75 21 7.36695e-05 2.01432e-06 0.963356 0.0365682 
4 76 20 5.20787e-05 1.68358e-06 0.969483 0.0304632 
4 77 19 3.67742e-05 1.40517e-06 0.97462 0.0253419 
4 78 18 2.59425e-05 1.17135e-06 0.978917 0.0210555 
4 79 17 1.82863e-05 9.75376e-07 0.982506 0.0174751 
4 80 16 1.28806e-05 8.11401e-07 0.985497 0.0144894 
4 81 15 9.06758e-06 6.74406e-07 0.987987 0.0120035 
4 82 14 6.38003e-06 5.60101e-07 0.990057 0.00993619 
4 83 13 4.48707e-06 4.64838e-07 0.991776 0.00821909 
4 84 12 3.15454e-06 3.85525e-07 0.993202 0.00679428 
4 85 11 2.21699e-06 3.19551e-07 0.994384 0.00561306 
4 86 10 1.55763e-06 2.64717e-07 0.995364 0.00463458 
4 87 9 1.09408e-06 2.19176e-07 0.996174 0.00382464 
4 88 8 7.68305e-07 1.81379e-07 0.996844 0.00315466 
4 89 7 5.39417e-07 1.50027e-07 0.997399 0.00260079 
4 90 6 3.78643e-07 1.24038e-07 0.997856 0.00214317 
4 91 5 2.6574e-07 1.02505e-07 0.998234 0.00176529 
4 92 4 1.86471e-07 8.46728e-08 0.998546 0.0014534 
4 93 3 1.30826e-07 6.99134e-08 0.998804 0.00119611 
4 94 2 9.17724e-08 5.77027e-08 0.999016 0.000983954 
4 95 1 6.43673e-08 4.76051e-08 0.999191 0.000809099 
4 96 0 4.51394e-08 3.92587e-08 0.999335 0.000665048 

5 0 95 0.998873 5.78757e-08 5.12434e-08 0.00112668 
5 1 94 0.998641 7.00387e-08 7.29805e-08 0.00135896 
5 2 93 0.998361 8.47231e-08 1.03923e-07 0.00163847 
5 3 92 0.998025 1.02444e-07 1.47964e-07 0.00197463 
5 4 91 0.997621 1.23817e-07 2.10635e-07 0.00237875 
5 5 90 0.997135 1.49585e-07 2.99799e-07 0.00286432 
5 6 89 0.996552 1.80633e-07 4.26629e-07 0.00344744 
5 7 88 0.995852 2.18022e-07 6.06994e-07 0.00414731 
5 8 87 0.995012 2.63021e-07 8.63419e-07 0.00498679 
5 9 86 0.994005 3.17141e-07 1.22787e-06 0.00599308 
5 10 85 0.992799 3.82186e-07 1.74566e-06 0.00719844 
5 11 84 0.991356 4.603e-07 2.48104e-06 0.00864113 
5 12 83 0.98963 5.54027e-07 3.52492e-06 0.0103664 
5 13 82 0.987567 6.66378e-07 5.00594e-06 0.0124275 
5 14 81 0.985105 8.00908e-07 7.10584e-06 0.0148871 
5 15 80 0.98217 9.61796e-07 1.0081e-05 0.0178187 
5 16 79 0.978677 1.15394e-06 1.42927e-05 0.021308 
5 17 78 0.974524 1.38304e-06 2.02488e-05 0.0254543 
5 18 77 0.969597 1.65571e-06 2.86619e-05 0.0303722 
5 19 76 0.963764 1.97955e-06 4.0529e-05 0.0361931 
5 20 75 0.956875 2.36323e-06 5.72412e-05 0.0430658 
5 21 74 0.948759 2.81655e-06 8.07318e-05 0.0511575 
5 22 73 0.93923 3.35041e-06 0.000113678 0.0606534 
5 23 72 0.928081 3.97677e-06 0.000159765 0.0717554 
5 24 71 0.915093 4.70851e-06 0.000224045 0.0846787 
5 25 70 0.900034 5.55913e-06 0.000313389 0.0996471 
5 26 69 0.882672 6.54235e-06 0.00043708 0.116885 
5 27 68 0.862779 7.67144e-06 0.000607549 0.136605 
5 28 67 0.840152 8.9585e-06 0.000841286 0.158998 
5 29 66 0.814619 1.04133e-05 0.00115993 0.18421 
5 30 65 0.78607 1.20424e-05 0.00159152 0.212326 
5 31 64 0.754468 1.38474e-05 0.00217197 0.243346 
5 32 63 0.719871 1.5824e-05 0.00294658 0.277166 
5 33 62 0.682452 1.79609e-05 0.00397168 0.313559 
5 34 61 0.642501 2.02389e-05 0.00531625 0.352162 
5 35 60 0.600434 2.26305e-05 0.00706344 0.39248 
5 36 59 0.556776 2.51007e-05 0.009312 0.433887 
5 37 58 0.512141 2.76079e-05 0.0121774 0.475654 
5 38 57 0.467199 3.01056e-05 0.015793 0.516978 
5 39 56 0.422638 3.25446e-05 0.0203107 0.557019 
5 40 55 0.379121 3.48752e-05 0.0259013 0.594942 
5 41 54 0.337252 3.70497e-05 0.0327554 0.629955 
5 42 53 0.29754 3.9024e-05 0.0410823 0.661338 
5 43 52 0.260385 4.07589e-05 0.0511098 0.688464 
5 44 51 0.226066 4.22209e-05 0.0630816 0.71081 
5 45 50 0.194746 4.33823e-05 0.077253 0.727958 
5 46 49 0.166482 4.42211e-05 0.0938847 0.739589 
5 47 48 0.141241 4.47208e-05 0.113233 0.745481 
5 48 47 0.11892 4.48697e-05 0.135534 0.745501 
5 49 46 0.0993615 4.46618e-05 0.160991 0.739602 
5 50 45 0.0823753 4.40963e-05 0.189747 0.727833 
5 51 44 0.06775 4.31788e-05 0.221865 0.710342 
5 52 43 0.0552655 4.19219e-05 0.2573 0.687392 
5 53 42 0.0447013 4.03461e-05 0.295884 0.659375 
5 54 41 0.0358423 3.84806e-05 0.337303 0.626816 
5 55 40 0.0284829 3.63634e-05 0.381103 0.590378 
5 56 39 0.0224291 3.40406e-05 0.426691 0.550846 
5 57 38 0.0175001 3.15648e-05 0.473367 0.509101 
5 58 37 0.0135295 2.89929e-05 0.520363 0.466079 
5 59 36 0.0103655 2.63827e-05 0.566886 0.422723 
5 60 35 0.00787181 2.37902e-05 0.612176 0.379928 
5 61 34 0.00592782 2.12659e-05 0.655553 0.338497 
5 62 33 0.00442844 1.8853e-05 0.696452 0.299101 
5 63 32 0.00328378 1.6585e-05 0.734445 0.262254 
5 64 31 0.00241837 1.44861e-05 0.769256 0.228311 
5 65 30 0.00176997 1.25707e-05 0.800748 0.197469 
5 66 29 0.00128818 1.08444e-05 0.82891 0.169791 
5 67 28 0.000932863 9.30594e-06 0.853834 0.145224 
5 68 27 0.000672588 7.94841e-06 0.875689 0.12363 
5 69 26 0.000483066 6.76088e-06 0.894697 0.104813 
5 70 25 0.000345788 5.72992e-06 0.911111 0.0885378 
5 71 24 0.000246806 4.84076e-06 0.925196 0.0745523 
5 72 23 0.000175719 4.07825e-06 0.937218 0.0626023 
5 73 22 0.000124841 3.42757e-06 0.947431 0.0524409 
5 74 21 8.85323e-05 2.87465e-06 0.956072 0.0438366 
5 75 20 6.26863e-05 2.40651e-06 0.963358 0.036577 
5 76 19 4.43271e-05 2.01139e-06 0.969483 0.0304708 
5 77 18 3.13096e-05 1.67879e-06 0.974619 0.0253485 
5 78 17 2.20938e-05 1.39946e-06 0.978915 0.0210612 
5 79 16 1.55779e-05 1.16533e-06 0.982503 0.01748 
5 80 15 1.0976e-05 9.69433e-07 0.985494 0.0144937 
5 81 14 7.72895e-06 8.05765e-07 0.987984 0.0120071 
5 82 13 5.4397e-06 6.69204e-07 0.990055 0.00993929 
5 83 12 3.82682e-06 5.55391e-07 0.991774 0.00822174 
5 84 11 2.69112e-06 4.60633e-07 0.9932 0.00679654 
5 85 10 1.89184e-06 3.8181e-07 0.994383 0.00561499 
5 86 9 1.32955e-06 3.16297e-07 0.995362 0.00463623 
5 87 8 9.34141e-07 2.61886e-07 0.996173 0.00382605 
5 88 7 6.56171e-07 2.16726e-07 0.996843 0.00315585 
5 89 6 4.60817e-07 1.79267e-07 0.997398 0.0026018 
5 90 5 3.2356e-07 1.48214e-07 0.997855 0.00214403 
5 91 4 2.27144e-07 1.22485e-07 0.998234 0.00176601 
5 92 3 1.59432e-07 1.01179e-07 0.998546 0.00145401 
5 93 2 1.11886e-07 8.3543e-08 0.998803 0.00119663 
5 94 1 7.85079e-08 6.89527e-08 0.999015 0.000984393 
5 95 0 5.50788e-08 5.68872e-08 0.99919 0.000809469 

6 0 94 0.998644 8.31926e-08 6.16834e-08 0.00135561 
6 1 93 0.998365 1.00635e-07 8.78124e-08 0.00163442 
6 2 92 0.99803 1.21684e-07 1.24991e-07 0.00196976 
6 3 91 0.997627 1.47072e-07 1.77882e-07 0.00237289 
6 4 90 0.997142 1.7768e-07 2.53112e-07 0.00285726 
6 5 89 0.99656 2.1456e-07 3.60091e-07 0.00343895 
6 6 88 0.995862 2.58972e-07 5.12182e-07 0.0041371 
6 7 87 0.995024 3.12423e-07 7.2835e-07 0.00497452 
6 8 86 0.99402 3.7671e-07 1.0355e-06 0.00597835 
6 9 85 0.992817 4.53975e-07 1.47176e-06 0.00718077 
6 10 84 0.991377 5.46764e-07 2.09116e-06 0.00861995 
6 11 83 0.989655 6.581e-07 2.97017e-06 0.010341 
6 12 82 0.987598 7.9156e-07 4.21693e-06 0.0123971 
6 13 81 0.985142 9.51369e-07 5.98417e-06 0.0148508 
6 14 80 0.982215 1.14249e-06 8.48734e-06 0.0177755 
6 15 79 0.97873 1.37075e-06 1.20299e-05 0.0212564 
6 16 78 0.974588 1.64291e-06 1.70382e-05 0.025393 
6 17 77 0.969674 1.96684e-06 2.41106e-05 0.0302995 
6 18 76 0.963857 2.35158e-06 3.4084e-05 0.0361069 
6 19 75 0.956985 2.80743e-06 4.81253e-05 0.0429641 
6 20 74 0.948891 3.34603e-06 6.78567e-05 0.0510379 
6 21 73 0.939387 3.98036e-06 9.55228e-05 0.0605134 
6 22 72 0.928269 4.72466e-06 0.000134215 0.0715923 
6 23 71 0.915316 5.59426e-06 0.000188167 0.0844897 
6 24 70 0.9003 6.60525e-06 0.000263139 0.0994298 
6 25 69 0.882988 7.77398e-06 0.00036691 0.116637 
6 26 68 0.863155 9.11633e-06 0.000509898 0.136326 
6 27 67 0.840595 1.06468e-05 0.00070592 0.158688 
6 28 66 0.815142 1.23772e-05 0.000973106 0.183872 
6 29 65 0.786685 1.43156e-05 0.00133497 0.211966 
6 30 64 0.755187 1.64641e-05 0.00182161 0.242975 
6 31 63 0.720709 1.88182e-05 0.00247103 0.276801 
6 32 62 0.683422 2.13649e-05 0.00333053 0.313227 
6 33 61 0.643618 2.40822e-05 0.00445808 0.3519 
6 34 60 0.60171 2.69384e-05 0.00592371 0.392339 
6 35 59 0.558223 2.9893e-05 0.00781072 0.433936 
6 36 58 0.513768 3.28979e-05 0.0102169 0.475983 
6 37 57 0.469011 3.58994e-05 0.0132556 0.517697 
6 38 56 0.424637 3.88407e-05 0.0170565 0.558267 
6 39 55 0.381305 4.16648e-05 0.0217668 0.596886 
6 40 54 0.339612 4.43172e-05 0.027552 0.632791 
6 41 53 0.300064 4.67475e-05 0.0345961 0.665294 
6 42 52 0.263053 4.89114e-05 0.0431023 0.693795 
6 43 51 0.228857 5.0771e-05 0.0532918 0.717801 
6 44 50 0.197632 5.22952e-05 0.0654025 0.736913 
6 45 49 0.169433 5.34589e-05 0.0796848 0.750829 
6 46 48 0.144223 5.42427e-05 0.0963951 0.759328 
6 47 47 0.121896 5.46323e-05 0.115786 0.762263 
6 48 46 0.102296 5.46183e-05 0.138094 0.759556 
6 49 45 0.085231 5.41957e-05 0.163518 0.751196 
6 50 44 0.0704914 5.33654e-05 0.192205 0.737251 
6 51 43 0.0578596 5.21344e-05 0.224217 0.717871 
6 52 42 0.0471192 5.05174e-05 0.259515 0.693315 
6 53 41 0.0380605 4.85382e-05 0.297934 0.663956 
6 54 40 0.0304846 4.623e-05 0.339169 0.6303 
6 55 39 0.0242048 4.36366e-05 0.382769 0.592982 
6 56 38 0.0190481 4.08111e-05 0.428152 0.552759 
6 57 37 0.0148553 3.78143e-05 0.474625 0.510482 
6 58 36 0.0114812 3.47122e-05 0.521424 0.467061 
6 59 35 0.00879455 3.1572e-05 0.567764 0.42341 
6 60 34 0.00667827 2.8459e-05 0.61289 0.380404 
6 61 33 0.00502905 2.5432e-05 0.656122 0.338824 
6 62 32 0.00375727 2.25414e-05 0.696896 0.299324 
6 63 31 0.00278645 1.98266e-05 0.734787 0.262407 
6 64 30 0.00205245 1.73154e-05 0.769514 0.228416 
6 65 29 0.00150246 1.50245e-05 0.800939 0.197543 
6 66 28 0.00109373 1.29605e-05 0.829049 0.169844 
6 67 27 0.000792245 1.11214e-05 0.853933 0.145263 
6 68 26 0.000571351 9.49878e-06 0.875758 0.123661 
6 69 25 0.000410466 8.0795e-06 0.894744 0.104837 
6 70 24 0.0002939 6.84741e-06 0.911142 0.0885574 
6 71 23 0.000209829 5.78483e-06 0.925216 0.0745687 
6 72 22 0.000149435 4.87363e-06 0.93723 0.0626161 
6 73 21 0.000106197 4.09606e-06 0.947437 0.0524527 
6 74 20 7.53325e-05 3.43533e-06 0.956074 0.0438468 
6 75 19 5.33553e-05 2.87591e-06 0.963358 0.0365858 
6 76 18 3.77397e-05 2.40374e-06 0.969481 0.0304784 
6 77 17 2.66643e-05 2.00628e-06 0.974616 0.025355 
6 78 16 1.88212e-05 1.67248e-06 0.978913 0.0210669 
6 79 15 1.32742e-05 1.39269e-06 0.9825 0.0174849 
6 80 14 9.35552e-06 1.15859e-06 0.985492 0.0144979 
6 81 13 6.58973e-06 9.62997e-07 0.987982 0.0120107 
6 82 12 4.63922e-06 7.99798e-07 0.990052 0.00994239 
6 83 11 3.2646e-06 6.63782e-07 0.991772 0.0082244 
6 84 10 2.2964e-06 5.50537e-07 0.993198 0.00679881 
6 85 9 1.61481e-06 4.56336e-07 0.994381 0.00561693 
6 86 8 1.13518e-06 3.7804e-07 0.995361 0.00463788 
6 87 7 7.97795e-07 3.13011e-07 0.996171 0.00382745 
6 88 6 5.60552e-07 2.59037e-07 0.996842 0.00315705 
6 89 5 3.93775e-07 2.14268e-07 0.997397 0.00260281 
6 90 4 2.76563e-07 1.77154e-07 0.997855 0.00214489 
6 91 3 1.94205e-07 1.46403e-07 0.998233 0.00176674 
6 92 2 1.36349e-07 1.20938e-07 0.998545 0.00145463 
6 93 1 9.57136e-08 9.98594e-08 0.998803 0.00119715 
6 94 0 6.71781e-08 8.24205e-08 0.999015 0.000984832 

7 0 93 0.998369 1.19571e-07 7.42201e-08 0.00163039 
7 1 92 0.998035 1.44581e-07 1.05615e-07 0.0019649 
7 2 91 0.997633 1.74747e-07 1.50265e-07 0.00236704 
7 3 90 0.997149 2.11114e-07 2.13756e-07 0.00285022 
7 4 89 0.996569 2.54934e-07 3.04017e-07 0.00343047 
7 5 88 0.995872 3.07704e-07 4.32305e-07 0.00412691 
7 6 87 0.995037 3.71215e-07 6.14589e-07 0.00496228 
7 7 86 0.994035 4.47601e-07 8.73519e-07 0.00596365 
7 8 85 0.992835 5.39407e-07 1.24119e-06 0.00716314 
7 9 84 0.991399 6.4966e-07 1.76306e-06 0.00859881 
7 10 83 0.989681 7.81953e-07 2.50346e-06 0.0103157 
7 11 82 0.987629 9.40537e-07 3.55332e-06 0.0123668 
7 12 81 0.985179 1.13043e-06 5.04104e-06 0.0148147 
7 13 80 0.982259 1.35754e-06 7.1477e-06 0.0177323 
7 14 79 0.978783 1.62877e-06 1.01282e-05 0.021205 
7 15 78 0.974652 1.95219e-06 1.43409e-05 0.0253318 
7 16 77 0.969751 2.33713e-06 2.02881e-05 0.0302268 
7 17 76 0.963948 2.79435e-06 2.86724e-05 0.036021 
7 18 75 0.957094 3.33609e-06 4.04733e-05 0.0428626 
7 19 74 0.94902 3.97622e-06 5.7052e-05 0.0509185 
7 20 73 0.939541 4.73015e-06 8.02915e-05 0.0603735 
7 21 72 0.928452 5.61485e-06 0.000112785 0.0714291 
7 22 71 0.915535 6.64857e-06 0.000158082 0.0843006 
7 23 70 0.900559 7.85048e-06 0.000221012 0.0992121 
7 24 69 0.883294 9.24009e-06 0.000308097 0.116389 
7 25 68 0.863516 1.08364e-05 0.000428067 0.136046 
7 26 67 0.84102 1.26567e-05 0.000592504 0.158375 
7 27 66 0.81564 1.47154e-05 0.000816604 0.183529 
7 28 65 0.787266 1.70221e-05 0.00112007 0.211597 
7 29 64 0.755862 1.95799e-05 0.00152815 0.24259 
7 30 63 0.72149 2.23838e-05 0.00207272 0.276415 
7 31 62 0.68432 2.54189e-05 0.00279346 0.312861 
7 32 61 0.644644 2.86598e-05 0.00373909 0.351588 
7 33 60 0.602875 3.20699e-05 0.00496851 0.392125 
7 34 59 0.559534 3.56021e-05 0.00655193 0.433878 
7 35 58 0.515232 3.92005e-05 0.00857196 0.476157 
7 36 57 0.470633 4.28029e-05 0.0111247 0.5182 
7 37 56 0.426416 4.63436e-05 0.0143206 0.559217 
7 38 55 0.383239 4.97569e-05 0.0182857 0.598426 
7 39 54 0.341693 5.29801e-05 0.0231627 0.635091 
7 40 53 0.302282 5.59558e-05 0.029112 0.66855 
7 41 52 0.265394 5.86335e-05 0.0363126 0.698234 
7 42 51 0.231303 6.09708e-05 0.0449624 0.723674 
7 43 50 0.200162 6.29325e-05 0.0552781 0.744497 
7 44 49 0.172023 6.4491e-05 0.0674933 0.760419 
7 45 48 0.146848 6.56243e-05 0.0818549 0.771232 
7 46 47 0.124528 6.63157e-05 0.0986166 0.776789 
7 47 46 0.104905 6.6553e-05 0.118029 0.776999 
7 48 45 0.0877884 6.63278e-05 0.140327 0.771818 
7 49 44 0.0729675 6.56364e-05 0.165711 0.761255 
7 50 43 0.0602263 6.44803e-05 0.194327 0.745382 
7 51 42 0.0493506 6.28677e-05 0.22624 0.724347 
7 52 41 0.0401341 6.08154e-05 0.261413 0.698392 
7 53 40 0.0323822 5.83502e-05 0.299686 0.667873 
7 54 39 0.0259137 5.55101e-05 0.340759 0.633272 
7 55 38 0.0205617 5.23453e-05 0.384186 0.5952 
7 56 37 0.0161731 4.89171e-05 0.429392 0.554386 
7 57 36 0.0126087 4.5296e-05 0.475689 0.511657 
7 58 35 0.00974272 4.15589e-05 0.52232 0.467895 
7 59 34 0.00746207 3.77841e-05 0.568505 0.423995 
7 60 33 0.00566629 3.40478e-05 0.61349 0.380809 
7 61 32 0.00426719 3.04191e-05 0.656599 0.339103 
7 62 31 0.00318842 2.69567e-05 0.697269 0.299516 
7 63 30 0.00236494 2.37069e-05 0.735072 0.262539 
7 64 29 0.0017423 2.07022e-05 0.769728 0.228509 
7 65 28 0.0012757 1.7962e-05 0.801097 0.197609 
7 66 27 0.000928875 1.54937e-05 0.829163 0.169892 
7 67 26 0.000673001 1.32947e-05 0.854014 0.1453 
7 68 25 0.000485482 1.13548e-05 0.875814 0.123689 
7 69 24 0.000348871 9.65806e-06 0.894781 0.10486 
7 70 23 0.000249866 8.18521e-06 0.911166 0.0885764 
7 71 22 0.000178441 6.91503e-06 0.92523 0.0745846 
7 72 21 0.000127117 5.82583e-06 0.937237 0.0626297 
7 73 20 9.03627e-05 4.89638e-06 0.94744 0.0524644 
7 74 19 6.41184e-05 4.10659e-06 0.956075 0.0438569 
7 75 18 4.54257e-05 3.43789e-06 0.963357 0.0365945 
7 76 17 3.21401e-05 2.87349e-06 0.969479 0.030486 
7 77 16 2.27145e-05 2.39838e-06 0.974613 0.0253616 
7 78 15 1.60377e-05 1.99936e-06 0.978909 0.0210725 
7 79 14 1.13143e-05 1.66491e-06 0.982497 0.0174898 
7 80 13 7.97646e-06 1.38506e-06 0.985489 0.0145021 
7 81 12 5.61996e-06 1.15125e-06 0.987979 0.0120143 
7 82 11 3.95761e-06 9.56161e-07 0.99005 0.00994549 
7 83 10 2.78574e-06 7.93563e-07 0.991769 0.00822705 
7 84 9 1.96011e-06 6.58185e-07 0.993196 0.00680108 
7 85 8 1.37871e-06 5.45571e-07 0.994379 0.00561887 
7 86 7 9.69475e-07 4.51969e-07 0.995359 0.00463953 
7 87 6 6.8153e-07 3.74228e-07 0.99617 0.00382886 
7 88 5 4.78994e-07 3.09703e-07 0.996841 0.00315824 
7 89 4 3.36575e-07 2.5618e-07 0.997396 0.00260383 
7 90 3 2.36454e-07 2.11809e-07 0.997854 0.00214575 
7 91 2 1.66086e-07 1.75045e-07 0.998232 0.00176747 
7 92 1 1.16639e-07 1.44599e-07 0.998544 0.00145525 
7 93 0 8.18999e-08 1.19398e-07 0.998802 0.00119767 

8 0 92 0.99804 1.71837e-07 8.92676e-08 0.00196006 
8 1 91 0.997638 2.0769e-07 1.26972e-07 0.0023612 
8 2 90 0.997156 2.50914e-07 1.80571e-07 0.00284319 
8 3 89 0.996577 3.02996e-07 2.56749e-07 0.00342202 
8 4 88 0.995883 3.65715e-07 3.64989e-07 0.00411675 
8 5 87 0.995049 4.412e-07 5.18746e-07 0.00495007 
8 6 86 0.99405 5.31989e-07 7.37092e-07 0.00594899 
8 7 85 0.992853 6.41107e-07 1.04705e-06 0.00714555 
8 8 84 0.99142 7.72151e-07 1.48688e-06 0.00857773 
8 9 83 0.989707 9.29392e-07 2.1107e-06 0.0102904 
